Enumerate Case:

0.000527858734131
90
[33, 42, 15]

0.00095009803772
331
[38, -5, 66, -17, 33, -81, 48, -8, -15, -23, 85, -12, 23, 27, -11, -78, -18, 33, 83, -33, 93, 50, 53]

0.000576019287109
175
[86, -2, 77, -33, -100, 52, 95]

0.00112795829773
122
[76, -21, -22, 89]

0.000478982925415
290
[10, 56, -13, -11, -2, 33, 99, 51, -39, 30, 44, 0, -59, 20, -32, 60, -47, 90]

0.00102090835571
202
[65, 58, 14, 8, -31, -66, 39, -66, 74, 32, 75]

0.000510931015015
134
[4, 49, 75, -42, 2, 41, 5]

0.000349998474121
321
[88, 57, 78, -5, -28, -13, -27, 62, 44, 65]

0.0002601146698
246
[52, 51, 90, 53]

0.000885963439941
260
[88, -57, 94, -34, 77, 8, 84]



Better Enumerate Case:

5.00679016113e-05
90
[33, 42, 15]

7.20024108887e-05
331
[38, -5, 66, -17, 33, -81, 48, -8, -15, -23, 85, -12, 23, 27, -11, -78, -18, 33, 83, -33, 93, 50, 53]

4.19616699219e-05
175
[86, -2, 77, -33, -100, 52, 95]

0.000136852264404
122
[76, -21, -22, 89]

4.31537628174e-05
290
[10, 56, -13, -11, -2, 33, 99, 51, -39, 30, 44, 0, -59, 20, -32, 60, -47, 90]

6.69956207275e-05
202
[65, 58, 14, 8, -31, -66, 39, -66, 74, 32, 75]

4.6968460083e-05
183
[4, 49, 75, -42, 2, 41, 5, -84, 62, -19, 90]

4.72068786621e-05
395
[88, 57, 78, -5, -28, -13, -27, 62, 44, 65, 74]

4.10079956055e-05
286
[52, 51, 90, 53, -20, 60]

6.60419464111e-05
260
[88, -57, 94, -34, 77, 8, 84]



Divide and Conquer Case:

0.000223159790039
90
[33, 42, 15]

0.000155925750732
331
[38, -5, 66, -17, 33, -81, 48, -8, -15, -23, 85, -12, 23, 27, -11, -78, -18, 33, 83, -33, 93, 50, 53]

0.000120878219604
175
[86, -2, 77, -33, -100, 52, 95]

0.000231027603149
122
[76, -21, -22, 89]

0.000114917755127
290
[10, 56, -13, -11, -2, 33, 99, 51, -39, 30, 44, 0, -59, 20, -32, 60, -47, 90]

0.000152111053467
202
[65, 58, 14, 8, -31, -66, 39, -66, 74, 32, 75]

0.000117778778076
183
[4, 49, 75, -42, 2, 41, 5, -84, 62, -19, 90]

0.000102996826172
395
[88, 57, 78, -5, -28, -13, -27, 62, 44, 65, 74]

8.60691070557e-05
286
[52, 51, 90, 53, -20, 60]

0.000146150588989
260
[88, -57, 94, -34, 77, 8, 84]



Linear Case:

7.9870223999e-05
90
[]

8.82148742676e-06
331
[38, -5, 66, -17, 33, -81, 48, -8, -15, -23, 85, -12, 23, 27, -11, -78, -18, 33, 83, -33, 93, 50, 53]

6.19888305664e-06
175
[]

8.10623168945e-06
122
[]

7.86781311035e-06
290
[10, 56, -13, -11, -2, 33, 99, 51, -39, 30, 44, 0, -59, 20, -32, 60, -47, 90]

7.15255737305e-06
202
[]

6.91413879395e-06
183
[4, 49, 75, -42, 2, 41, 5, -84, 62, -19, 90]

6.91413879395e-06
395
[88, 57, 78, -5, -28, -13, -27, 62, 44, 65, 74]

5.96046447754e-06
286
[52, 51, 90, 53, -20, 60]

8.10623168945e-06
260
[88, -57, 94, -34, 77, 8, 84]

